250 37516
251 75565
252 75744
253 76147
254 76970
255 77128
256 77892
257 78340
258 78420
259 78810
260 79536
261 79600
262 80512
263 81092
264 81201
265 81710
266 82242
267 82505
268 82794
269 83676
270 84419
271 83736
272 84839
273 84971
274 85272
275 85992
276 86296
277 86339
278 86807
279 87067
280 88012
281 87832
282 88518
283 87801
284 88430
285 88361
286 89244
287 89794
288 89430
289 89215
290 90110
291 90237
292 90322
293 90876
294 90749
295 91389
296 91063
297 91213
298 90694
299 91198
300 91170
301 91650
302 91481
303 91529
304 92000
305 91841
306 91836
307 91193
308 91564
309 91738
310 91977
311 91468
312 91598
313 92067
314 91516
315 92074
316 91401
317 91045
318 90773
319 90161
320 90896
321 90620
322 89885
323 90530
324 90297
325 90115
326 90185
327 89335
328 88705
329 88715
330 88663
331 88421
332 88062
333 87812
334 87618
335 86607
336 86960
337 86567
338 86105
339 85859
340 85260
341 85329
342 84166
343 84075
344 83315
345 82294
346 82430
347 81772
348 81399
349 81367
350 80728
351 80272
352 79560
353 79284
354 78918
355 78073
356 77084
357 77120
358 76324
359 75615
360 75242
361 74350
362 73933
363 73574
364 72709
365 71806
366 71345
367 70536
368 69979
369 69532
370 68960
371 68646
372 67596
373 66622
374 66053
375 65216
376 64603
377 63815
378 63111
379 62581
380 61956
381 61163
382 60768
383 60152
384 59338
385 58466
386 57700
387 57078
388 56239
389 55794
390 54766
391 54351
392 54232
393 52940
394 52092
395 51701
396 50622
397 50124
398 49311
399 48329
400 47350
401 47152
402 46361
403 45505
404 44905
405 44141
406 43271
407 42641
408 42239
409 41372
410 40441
411 39719
412 38773
413 38511
414 37481
415 37028
416 36594
417 35682
418 35200
419 34666
420 33683
421 33181
422 32481
423 32014
424 31880
425 30591
426 30418
427 29508
428 28780
429 28102
430 27334
431 27172
432 26343
433 25917
434 25159
435 24807
436 24149
437 24071
438 23150
439 22828
440 22088
441 21630
442 21064
443 20601
444 20094
445 19629
446 19257
447 18715
448 18326
449 17646
450 17230
451 16652
452 16078
453 15887
454 15434
455 15265
456 14673
457 14116
458 13841
459 13529
460 13108
461 12700
462 12300
463 12135
464 11848
465 11259
466 10979
467 10618
468 10360
469 10087
470 9842
471 9380
472 9218
473 8865
474 8783
475 8280
476 8056
477 7694
478 7711
479 7351
480 7049
481 6815
482 6598
483 6337
484 5986
485 5919
486 5688
487 5351
488 5350
489 5156
490 4900
491 4664
492 4680
493 4526
494 4320
495 4077
496 3937
497 3831
498 3782
499 3564
500 3397
501 3292
502 3209
503 2990
504 2849
505 2792
506 2704
507 2610
508 2514
509 2361
510 2236
511 2093
512 2124
513 2042
514 1907
515 1783
516 1735
517 1623
518 1586
519 1507
520 1494
521 1432
522 1296
523 1224
524 1135
525 1187
526 1086
527 1088
528 1047
529 920
530 885
531 878
532 841
533 780
534 718
535 760
536 638
537 666
538 630
539 563
540 563
541 523
542 503
543 459
544 458
545 424
546 378
547 380
548 367
549 325
550 293
551 318
552 277
553 253
554 244
555 246
556 219
557 234
558 215
559 204
560 186
561 170
562 161
563 138
564 138
565 128
566 138
567 101
568 103
569 109
570 111
571 90
572 80
573 81
574 83
575 78
576 72
577 67
578 56
579 63
580 50
581 51
582 51
583 41
584 38
585 44
586 46
587 30
588 36
589 30
590 30
591 30
592 30
593 30
594 30
595 30
596 30
597 30
598 30
599 30
600 30
601 30
602 30
603 30
604 30
605 30
606 30
607 30
608 30
609 30
610 30
611 30
612 30
613 30
614 30
615 30
616 30
617 30
618 30
620 30
621 30
622 30
623 30
625 30
626 30
627 30
629 30
631 30
632 30
633 30
634 30
635 30
636 30
637 30
640 30
649 30
656 30
664 30
